0.0 1.0
7.57711442786 0.988372093023
15.1542288557 0.988372093023
22.7313432836 0.976744186047
30.3084577114 0.96511627907
37.8855721393 0.93023255814
45.4626865672 0.918604651163
53.039800995 0.906976744186
60.6169154229 0.883720930233
68.1940298507 0.883720930233
75.7711442786 0.848837209302
83.3482587065 0.802325581395
90.9253731343 0.790697674419
98.5024875622 0.790697674419
106.07960199 0.767441860465
113.656716418 0.767441860465
121.233830846 0.744186046512
128.810945274 0.732558139535
136.388059701 0.720930232558
143.965174129 0.709302325581
151.542288557 0.709302325581
159.119402985 0.697674418605
166.696517413 0.697674418605
174.273631841 0.686046511628
181.850746269 0.674418604651
189.427860697 0.662790697674
197.004975124 0.639534883721
204.582089552 0.627906976744
212.15920398 0.627906976744
219.736318408 0.616279069767
227.313432836 0.604651162791
234.890547264 0.604651162791
242.467661692 0.604651162791
250.044776119 0.581395348837
257.621890547 0.581395348837
265.199004975 0.56976744186
272.776119403 0.56976744186
280.353233831 0.558139534884
287.930348259 0.53488372093
295.507462687 0.511627906977
303.084577114 0.5
310.661691542 0.5
318.23880597 0.488372093023
325.815920398 0.476744186047
333.393034826 0.476744186047
340.970149254 0.476744186047
348.547263682 0.476744186047
356.124378109 0.476744186047
363.701492537 0.476744186047
371.278606965 0.453488372093
378.855721393 0.441860465116
386.432835821 0.43023255814
394.009950249 0.418604651163
401.587064677 0.406976744186
409.164179104 0.406976744186
416.741293532 0.383720930233
424.31840796 0.372093023256
431.895522388 0.360465116279
439.472636816 0.348837209302
447.049751244 0.337209302326
454.626865672 0.337209302326
462.2039801 0.337209302326
469.781094527 0.337209302326
477.358208955 0.313953488372
484.935323383 0.313953488372
492.512437811 0.302325581395
500.089552239 0.279069767442
507.666666667 0.255813953488
515.243781095 0.255813953488
522.820895522 0.255813953488
530.39800995 0.244186046512
537.975124378 0.244186046512
545.552238806 0.244186046512
553.129353234 0.244186046512
560.706467662 0.244186046512
568.28358209 0.220930232558
575.860696517 0.220930232558
583.437810945 0.220930232558
591.014925373 0.209302325581
598.592039801 0.197674418605
606.169154229 0.197674418605
613.746268657 0.197674418605
621.323383085 0.186046511628
628.900497512 0.186046511628
636.47761194 0.186046511628
644.054726368 0.186046511628
651.631840796 0.174418604651
659.208955224 0.162790697674
666.786069652 0.162790697674
674.36318408 0.162790697674
681.940298507 0.139534883721
689.517412935 0.139534883721
697.094527363 0.127906976744
704.671641791 0.127906976744
712.248756219 0.127906976744
719.825870647 0.116279069767
727.402985075 0.116279069767
734.980099502 0.116279069767
742.55721393 0.116279069767
750.134328358 0.093023255814
757.711442786 0.093023255814
765.288557214 0.093023255814
772.865671642 0.0813953488372
780.44278607 0.0813953488372
788.019900498 0.0697674418605
795.597014925 0.0697674418605
803.174129353 0.0697674418605
810.751243781 0.0697674418605
818.328358209 0.0697674418605
825.905472637 0.0697674418605
833.482587065 0.046511627907
841.059701493 0.046511627907
848.63681592 0.046511627907
856.213930348 0.046511627907
863.791044776 0.046511627907
871.368159204 0.046511627907
878.945273632 0.0348837209302
886.52238806 0.0348837209302
894.099502488 0.0348837209302
901.676616915 0.0348837209302
909.253731343 0.0348837209302
916.830845771 0.0348837209302
924.407960199 0.0348837209302
931.985074627 0.0232558139535
939.562189055 0.0232558139535
947.139303483 0.0232558139535
954.71641791 0.0232558139535
962.293532338 0.0232558139535
969.870646766 0.0232558139535
977.447761194 0.0232558139535
985.024875622 0.0232558139535
992.60199005 0.0232558139535
1000.17910448 0.0232558139535
1007.75621891 0.0232558139535
1015.33333333 0.0232558139535
1022.91044776 0.0232558139535
1030.48756219 0.0232558139535
1038.06467662 0.0232558139535
1045.64179104 0.0232558139535
1053.21890547 0.0232558139535
1060.7960199 0.0232558139535
1068.37313433 0.0232558139535
1075.95024876 0.0116279069767
1083.52736318 0.0116279069767
1091.10447761 0.0116279069767
1098.68159204 0.0116279069767
1106.25870647 0.0116279069767
1113.8358209 0.0116279069767
1121.41293532 0.0116279069767
1128.99004975 0.0116279069767
1136.56716418 0.0116279069767
1144.14427861 0.0116279069767
1151.72139303 0.0116279069767
1159.29850746 0.0116279069767
1166.87562189 0.0116279069767
1174.45273632 0.0116279069767
1182.02985075 0.0116279069767
1189.60696517 0.0116279069767
1197.1840796 0.0116279069767
1204.76119403 0.0116279069767
1212.33830846 0.0
1219.91542289 0.0
1227.49253731 0.0
1235.06965174 0.0
1242.64676617 0.0
1250.2238806 0.0
1257.80099502 0.0
1265.37810945 0.0
1272.95522388 0.0
1280.53233831 0.0
1288.10945274 0.0
1295.68656716 0.0
1303.26368159 0.0
1310.84079602 0.0
1318.41791045 0.0
1325.99502488 0.0
1333.5721393 0.0
1341.14925373 0.0
1348.72636816 0.0
1356.30348259 0.0
1363.88059701 0.0
1371.45771144 0.0
1379.03482587 0.0
1386.6119403 0.0
1394.18905473 0.0
1401.76616915 0.0
1409.34328358 0.0
1416.92039801 0.0
1424.49751244 0.0
1432.07462687 0.0
1439.65174129 0.0
1447.22885572 0.0
1454.80597015 0.0
1462.38308458 0.0
1469.960199 0.0
1477.53731343 0.0
1485.11442786 0.0
1492.69154229 0.0
1500.26865672 0.0



0.0 0.997536945813
2.57711442786 0.953201970443
5.15422885572 0.891625615764
7.73134328358 0.87684729064
10.3084577114 0.817733990148
12.8855721393 0.773399014778
15.4626865672 0.704433497537
18.039800995 0.645320197044
20.6169154229 0.615763546798
23.1940298507 0.583743842365
25.7711442786 0.549261083744
28.3482587065 0.502463054187
30.9253731343 0.477832512315
33.5024875622 0.445812807882
36.07960199 0.423645320197
38.6567164179 0.401477832512
41.2338308458 0.381773399015
43.8109452736 0.364532019704
46.3880597015 0.330049261084
48.9651741294 0.317733990148
51.5422885572 0.293103448276
54.1194029851 0.278325123153
56.6965174129 0.270935960591
59.2736318408 0.261083743842
61.8507462687 0.258620689655
64.4278606965 0.238916256158
67.0049751244 0.224137931034
69.5820895522 0.221674876847
72.1592039801 0.211822660099
74.736318408 0.204433497537
77.3134328358 0.197044334975
79.8905472637 0.189655172414
82.4676616915 0.184729064039
85.0447761194 0.177339901478
87.6218905473 0.169950738916
90.1990049751 0.155172413793
92.776119403 0.150246305419
95.3532338308 0.14039408867
97.9303482587 0.14039408867
100.507462687 0.133004926108
103.084577114 0.125615763547
105.661691542 0.120689655172
108.23880597 0.115763546798
110.815920398 0.115763546798
113.393034826 0.110837438424
115.970149254 0.108374384236
118.547263682 0.108374384236
121.124378109 0.0985221674877
123.701492537 0.0935960591133
126.278606965 0.0935960591133
128.855721393 0.0911330049261
131.432835821 0.0886699507389
134.009950249 0.0788177339901
136.587064677 0.0788177339901
139.164179104 0.0738916256158
141.741293532 0.0738916256158
144.31840796 0.0689655172414
146.895522388 0.0665024630542
149.472636816 0.0665024630542
152.049751244 0.064039408867
154.626865672 0.064039408867
157.2039801 0.0615763546798
159.781094527 0.0615763546798
162.358208955 0.0615763546798
164.935323383 0.0615763546798
167.512437811 0.0591133004926
170.089552239 0.0591133004926
172.666666667 0.0591133004926
175.243781095 0.0566502463054
177.820895522 0.0566502463054
180.39800995 0.0566502463054
182.975124378 0.0541871921182
185.552238806 0.051724137931
188.129353234 0.0492610837438
190.706467662 0.0492610837438
193.28358209 0.0492610837438
195.860696517 0.0443349753695
198.437810945 0.0443349753695
201.014925373 0.0418719211823
203.592039801 0.0418719211823
206.169154229 0.0418719211823
208.746268657 0.0394088669951
211.323383085 0.0369458128079
213.900497512 0.0369458128079
216.47761194 0.0344827586207
219.054726368 0.0320197044335
221.631840796 0.0295566502463
224.208955224 0.0295566502463
226.786069652 0.0295566502463
229.36318408 0.0295566502463
231.940298507 0.0295566502463
234.517412935 0.0295566502463
237.094527363 0.0295566502463
239.671641791 0.0295566502463
242.248756219 0.0270935960591
244.825870647 0.0270935960591
247.402985075 0.0197044334975
249.980099502 0.0197044334975
252.55721393 0.0197044334975
255.134328358 0.0197044334975
257.711442786 0.0197044334975
260.288557214 0.0172413793103
262.865671642 0.0172413793103
265.44278607 0.0172413793103
268.019900498 0.0147783251232
270.597014925 0.0147783251232
273.174129353 0.0147783251232
275.751243781 0.0147783251232
278.328358209 0.0147783251232
280.905472637 0.0147783251232
283.482587065 0.0147783251232
286.059701493 0.0147783251232
288.63681592 0.0147783251232
291.213930348 0.0147783251232
293.791044776 0.0147783251232
296.368159204 0.0147783251232
298.945273632 0.0147783251232
301.52238806 0.0147783251232
304.099502488 0.0147783251232
306.676616915 0.0147783251232
309.253731343 0.0147783251232
311.830845771 0.0147783251232
314.407960199 0.0147783251232
316.985074627 0.012315270936
319.562189055 0.012315270936
322.139303483 0.012315270936
324.71641791 0.012315270936
327.293532338 0.012315270936
329.870646766 0.00985221674877
332.447761194 0.00985221674877
335.024875622 0.00985221674877
337.60199005 0.00985221674877
340.179104478 0.00985221674877
342.756218905 0.00985221674877
345.333333333 0.00985221674877
347.910447761 0.00985221674877
350.487562189 0.00985221674877
353.064676617 0.00985221674877
355.641791045 0.00985221674877
358.218905473 0.00985221674877
360.7960199 0.00985221674877
363.373134328 0.00985221674877
365.950248756 0.00985221674877
368.527363184 0.00985221674877
371.104477612 0.00985221674877
373.68159204 0.00985221674877
376.258706468 0.00985221674877
378.835820896 0.00985221674877
381.412935323 0.00985221674877
383.990049751 0.00985221674877
386.567164179 0.00985221674877
389.144278607 0.00985221674877
391.721393035 0.00985221674877
394.298507463 0.00985221674877
396.875621891 0.00985221674877
399.452736318 0.00985221674877
402.029850746 0.00985221674877
404.606965174 0.00985221674877
407.184079602 0.00738916256158
409.76119403 0.00738916256158
412.338308458 0.00738916256158
414.915422886 0.00738916256158
417.492537313 0.00738916256158
420.069651741 0.00738916256158
422.646766169 0.00738916256158
425.223880597 0.00738916256158
427.800995025 0.00738916256158
430.378109453 0.00738916256158
432.955223881 0.00738916256158
435.532338308 0.00738916256158
438.109452736 0.00738916256158
440.686567164 0.00738916256158
443.263681592 0.00738916256158
445.84079602 0.00738916256158
448.417910448 0.00738916256158
450.995024876 0.00738916256158
453.572139303 0.00738916256158
456.149253731 0.00738916256158
458.726368159 0.00738916256158
461.303482587 0.00738916256158
463.880597015 0.00738916256158
466.457711443 0.00738916256158
469.034825871 0.00738916256158
471.611940299 0.00738916256158
474.189054726 0.00738916256158
476.766169154 0.00492610837438
479.343283582 0.00246305418719
481.92039801 0.00246305418719
484.497512438 0.00246305418719
487.074626866 0.00246305418719
489.651741294 0.00246305418719
492.228855721 0.0
494.805970149 0.0
497.383084577 0.0
499.960199005 0.0
502.537313433 0.0
505.114427861 0.0
507.691542289 0.0
510.268656716 0.0



0.0 1.0
2.14925373134 0.959044368601
4.29850746269 0.921501706485
6.44776119403 0.872013651877
8.59701492537 0.825938566553
10.7462686567 0.778156996587
12.8955223881 0.725255972696
15.0447761194 0.663822525597
17.1940298507 0.627986348123
19.3432835821 0.576791808874
21.4925373134 0.529010238908
23.6417910448 0.48976109215
25.7910447761 0.472696245734
27.9402985075 0.448805460751
30.0895522388 0.404436860068
32.2388059701 0.387372013652
34.3880597015 0.368600682594
36.5373134328 0.346416382253
38.6865671642 0.332764505119
40.8358208955 0.313993174061
42.9850746269 0.295221843003
45.1343283582 0.278156996587
47.2835820896 0.274744027304
49.4328358209 0.259385665529
51.5820895522 0.245733788396
53.7313432836 0.233788395904
55.8805970149 0.22866894198
58.0298507463 0.213310580205
60.1791044776 0.199658703072
62.328358209 0.194539249147
64.4776119403 0.186006825939
66.6268656716 0.179180887372
68.776119403 0.175767918089
70.9253731343 0.167235494881
73.0746268657 0.158703071672
75.223880597 0.156996587031
77.3731343284 0.148464163823
79.5223880597 0.141638225256
81.671641791 0.133105802048
83.8208955224 0.126279863481
85.9701492537 0.122866894198
88.1194029851 0.110921501706
90.2686567164 0.109215017065
92.4179104478 0.107508532423
94.5671641791 0.100682593857
96.7164179104 0.098976109215
98.8656716418 0.0972696245734
101.014925373 0.0904436860068
103.164179104 0.0836177474403
105.313432836 0.0819112627986
107.462686567 0.080204778157
109.611940299 0.0767918088737
111.76119403 0.0733788395904
113.910447761 0.0716723549488
116.059701493 0.0699658703072
118.208955224 0.0648464163823
120.358208955 0.0631399317406
122.507462687 0.0631399317406
124.656716418 0.0597269624573
126.805970149 0.0580204778157
128.955223881 0.0580204778157
131.104477612 0.0546075085324
133.253731343 0.0546075085324
135.402985075 0.0546075085324
137.552238806 0.0494880546075
139.701492537 0.0494880546075
141.850746269 0.0494880546075
144.0 0.0494880546075
146.149253731 0.0460750853242
148.298507463 0.0443686006826
150.447761194 0.0443686006826
152.597014925 0.0443686006826
154.746268657 0.042662116041
156.895522388 0.0392491467577
159.044776119 0.0392491467577
161.194029851 0.037542662116
163.343283582 0.037542662116
165.492537313 0.037542662116
167.641791045 0.0358361774744
169.791044776 0.0307167235495
171.940298507 0.0307167235495
174.089552239 0.0290102389078
176.23880597 0.0273037542662
178.388059701 0.0273037542662
180.537313433 0.0273037542662
182.686567164 0.0255972696246
184.835820896 0.0255972696246
186.985074627 0.0238907849829
189.134328358 0.0238907849829
191.28358209 0.0238907849829
193.432835821 0.0238907849829
195.582089552 0.0238907849829
197.731343284 0.0238907849829
199.880597015 0.0238907849829
202.029850746 0.0238907849829
204.179104478 0.0238907849829
206.328358209 0.0238907849829
208.47761194 0.0238907849829
210.626865672 0.0238907849829
212.776119403 0.0238907849829
214.925373134 0.0238907849829
217.074626866 0.0204778156997
219.223880597 0.018771331058
221.373134328 0.018771331058
223.52238806 0.0153583617747
225.671641791 0.0153583617747
227.820895522 0.0153583617747
229.970149254 0.0153583617747
232.119402985 0.0153583617747
234.268656716 0.0153583617747
236.417910448 0.0153583617747
238.567164179 0.0153583617747
240.71641791 0.0153583617747
242.865671642 0.0136518771331
245.014925373 0.0136518771331
247.164179104 0.0136518771331
249.313432836 0.0136518771331
251.462686567 0.0136518771331
253.611940299 0.0119453924915
255.76119403 0.0119453924915
257.910447761 0.0119453924915
260.059701493 0.0119453924915
262.208955224 0.0102389078498
264.358208955 0.0102389078498
266.507462687 0.0102389078498
268.656716418 0.00853242320819
270.805970149 0.00853242320819
272.955223881 0.00853242320819
275.104477612 0.00682593856655
277.253731343 0.00682593856655
279.402985075 0.00682593856655
281.552238806 0.00682593856655
283.701492537 0.00511945392491
285.850746269 0.00511945392491
288.0 0.00511945392491
290.149253731 0.00511945392491
292.298507463 0.00511945392491
294.447761194 0.00511945392491
296.597014925 0.00511945392491
298.746268657 0.00511945392491
300.895522388 0.00511945392491
303.044776119 0.00511945392491
305.194029851 0.00511945392491
307.343283582 0.00511945392491
309.492537313 0.00511945392491
311.641791045 0.00511945392491
313.791044776 0.00511945392491
315.940298507 0.00511945392491
318.089552239 0.00511945392491
320.23880597 0.00511945392491
322.388059701 0.00511945392491
324.537313433 0.00511945392491
326.686567164 0.00511945392491
328.835820896 0.00511945392491
330.985074627 0.00511945392491
333.134328358 0.00511945392491
335.28358209 0.00511945392491
337.432835821 0.00511945392491
339.582089552 0.00511945392491
341.731343284 0.00511945392491
343.880597015 0.00341296928328
346.029850746 0.00341296928328
348.179104478 0.00341296928328
350.328358209 0.00341296928328
352.47761194 0.00341296928328
354.626865672 0.00341296928328
356.776119403 0.00341296928328
358.925373134 0.00341296928328
361.074626866 0.00341296928328
363.223880597 0.00341296928328
365.373134328 0.00341296928328
367.52238806 0.00341296928328
369.671641791 0.00341296928328
371.820895522 0.00341296928328
373.970149254 0.00341296928328
376.119402985 0.00341296928328
378.268656716 0.00341296928328
380.417910448 0.00341296928328
382.567164179 0.00170648464164
384.71641791 0.0
386.865671642 0.0
389.014925373 0.0
391.164179104 0.0
393.313432836 0.0
395.462686567 0.0
397.611940299 0.0
399.76119403 0.0
401.910447761 0.0
404.059701493 0.0
406.208955224 0.0
408.358208955 0.0
410.507462687 0.0
412.656716418 0.0
414.805970149 0.0
416.955223881 0.0
419.104477612 0.0
421.253731343 0.0
423.402985075 0.0
425.552238806 0.0



0.0 1.0
0.905472636816 1.0
1.81094527363 1.0
2.71641791045 0.99609375
3.62189054726 0.984375
4.52736318408 0.95703125
5.4328358209 0.9296875
6.33830845771 0.921875
7.24378109453 0.90625
8.14925373134 0.890625
9.05472636816 0.87109375
9.96019900498 0.87109375
10.8656716418 0.85546875
11.7711442786 0.84765625
12.6766169154 0.828125
13.5820895522 0.8125
14.4875621891 0.796875
15.3930348259 0.78125
16.2985074627 0.77734375
17.2039800995 0.7578125
18.1094527363 0.7421875
19.0149253731 0.72265625
19.92039801 0.72265625
20.8258706468 0.71484375
21.7313432836 0.68359375
22.6368159204 0.6640625
23.5422885572 0.6328125
24.447761194 0.60546875
25.3532338308 0.59375
26.2587064677 0.58203125
27.1641791045 0.5625
28.0696517413 0.5546875
28.9751243781 0.5546875
29.8805970149 0.55078125
30.7860696517 0.53515625
31.6915422886 0.515625
32.5970149254 0.4921875
33.5024875622 0.48046875
34.407960199 0.4765625
35.3134328358 0.46875
36.2189054726 0.453125
37.1243781095 0.4453125
38.0298507463 0.4296875
38.9353233831 0.4296875
39.8407960199 0.4140625
40.7462686567 0.3984375
41.6517412935 0.390625
42.5572139303 0.3671875
43.4626865672 0.36328125
44.368159204 0.35546875
45.2736318408 0.34765625
46.1791044776 0.34375
47.0845771144 0.328125
47.9900497512 0.328125
48.8955223881 0.3203125
49.8009950249 0.3125
50.7064676617 0.3046875
51.6119402985 0.30078125
52.5174129353 0.28515625
53.4228855721 0.27734375
54.328358209 0.2734375
55.2338308458 0.25
56.1393034826 0.25
57.0447761194 0.2421875
57.9502487562 0.2421875
58.855721393 0.2421875
59.7611940299 0.23828125
60.6666666667 0.23828125
61.5721393035 0.23046875
62.4776119403 0.2265625
63.3830845771 0.22265625
64.2885572139 0.21484375
65.1940298507 0.20703125
66.0995024876 0.20703125
67.0049751244 0.19921875
67.9104477612 0.19921875
68.815920398 0.1953125
69.7213930348 0.1953125
70.6268656716 0.19140625
71.5323383085 0.1875
72.4378109453 0.1875
73.3432835821 0.1875
74.2487562189 0.1796875
75.1542288557 0.17578125
76.0597014925 0.17578125
76.9651741294 0.17578125
77.8706467662 0.17578125
78.776119403 0.16796875
79.6815920398 0.1640625
80.5870646766 0.15625
81.4925373134 0.15625
82.3980099502 0.15234375
83.3034825871 0.1484375
84.2089552239 0.14453125
85.1144278607 0.140625
86.0199004975 0.140625
86.9253731343 0.140625
87.8308457711 0.140625
88.736318408 0.1328125
89.6417910448 0.12890625
90.5472636816 0.125
91.4527363184 0.1171875
92.3582089552 0.1171875
93.263681592 0.109375
94.1691542289 0.10546875
95.0746268657 0.1015625
95.9800995025 0.1015625
96.8855721393 0.1015625
97.7910447761 0.1015625
98.6965174129 0.09765625
99.6019900498 0.09765625
100.507462687 0.09765625
101.412935323 0.08984375
102.31840796 0.08984375
103.223880597 0.08984375
104.129353234 0.08984375
105.034825871 0.0859375
105.940298507 0.0859375
106.845771144 0.08203125
107.751243781 0.08203125
108.656716418 0.078125
109.562189055 0.078125
110.467661692 0.078125
111.373134328 0.078125
112.278606965 0.0703125
113.184079602 0.06640625
114.089552239 0.06640625
114.995024876 0.06640625
115.900497512 0.06640625
116.805970149 0.0625
117.711442786 0.0625
118.616915423 0.05859375
119.52238806 0.05859375
120.427860697 0.05859375
121.333333333 0.0546875
122.23880597 0.0546875
123.144278607 0.0546875
124.049751244 0.0546875
124.955223881 0.0546875
125.860696517 0.05078125
126.766169154 0.05078125
127.671641791 0.05078125
128.577114428 0.046875
129.482587065 0.046875
130.388059701 0.046875
131.293532338 0.046875
132.199004975 0.046875
133.104477612 0.046875
134.009950249 0.046875
134.915422886 0.046875
135.820895522 0.046875
136.726368159 0.046875
137.631840796 0.046875
138.537313433 0.04296875
139.44278607 0.04296875
140.348258706 0.0390625
141.253731343 0.03515625
142.15920398 0.03515625
143.064676617 0.03515625
143.970149254 0.03515625
144.875621891 0.03515625
145.781094527 0.03125
146.686567164 0.0234375
147.592039801 0.0234375
148.497512438 0.0234375
149.402985075 0.01953125
150.308457711 0.01953125
151.213930348 0.015625
152.119402985 0.01171875
153.024875622 0.01171875
153.930348259 0.01171875
154.835820896 0.01171875
155.741293532 0.01171875
156.646766169 0.01171875
157.552238806 0.0078125
158.457711443 0.0078125
159.36318408 0.0078125
160.268656716 0.0078125
161.174129353 0.0078125
162.07960199 0.0078125
162.985074627 0.0078125
163.890547264 0.0078125
164.7960199 0.0078125
165.701492537 0.0078125
166.606965174 0.0078125
167.512437811 0.0078125
168.417910448 0.0078125
169.323383085 0.0078125
170.228855721 0.0078125
171.134328358 0.0078125
172.039800995 0.00390625
172.945273632 0.00390625
173.850746269 0.00390625
174.756218905 0.00390625
175.661691542 0.00390625
176.567164179 0.00390625
177.472636816 0.00390625
178.378109453 0.00390625
179.28358209 0.00390625



